1558
84 4550 7134
97 220 3445
220 97 3445
228 255 1300
255 228 1300
279 281 9490
281 279 9490
1901 1927 353
1927 1901 353
1930 1934 353
1934 1930 353
2158 2161 1406
2161 2158 1406
4464 4530 5415
4530 4464 5415
4531 4533 9067
4533 4531 9067
4550 84 7134
4598 4599 434
4599 4598 434
4711 4713 3142
4713 4711 3142
4729 4732 749
4732 4729 749
6870 7708 1374
6874 6875 736
6875 6874 736
6975 6982 2749
6982 6975 2749
6996 7008 2734
7008 6996 2734
7023 7025 560
7025 7023 560
7149 7152 1436
7152 7149 1436
7153 7191 5955
7170 7171 1590
7171 7170 1590
7191 7153 5955
7409 34906 627
7621 7634 2390
7634 7621 2390
7708 6870 1374
8079 35049 2818
8110 8111 3989
8111 8110 3989
8836 8840 1034
8840 8836 1034
9023 9024 572
9024 9023 572
9079 17729 1703
9833 10385 1297
10381 10382 3985
10382 10381 3985
10385 9833 1297
10415 10416 283
10416 10415 283
10630 10631 585
10631 10630 585
10820 10864 473
10864 10820 473
10885 10886 653
10886 10885 653
11164 233639 9170
11170 233601 2789
14424 14481 461
14481 14424 461
14522 14524 2144
14524 14522 2144
14631 14970 1031
14807 14808 1060
14808 14807 1060
14970 14631 1031
14979 14986 1952
14986 14979 1952
14994 14998 598
14996 15004 949
14998 14994 598
15004 14996 949
15052 15053 1013
15053 15052 1013
17214 17228 2005
17228 17214 2005
17278 17280 1635
17280 17278 1635
17291 17292 1220
17292 17291 1220
17308 17309 826
17309 17308 826
17610 17688 1651
17688 17610 1651
17729 9079 1703
17729 17840 1000
17840 17729 1000
18004 18018 504
18018 18004 504
18052 18053 2002
18053 18052 2002
18111 18134 2919
18134 18111 2919
18456 18461 629
18461 18456 629
20085 20090 672
20086 20088 889
20088 20086 889
20090 20085 672
20290 20313 796
20294 20297 473
20296 20297 598
20297 20294 473
20297 20296 598
20308 20309 1114
20309 20308 1114
20310 21159 1352
20313 20290 796
20383 20542 3275
20388 20391 562
20391 20388 562
20405 20406 826
20406 20405 826
20542 20383 3275
20544 20579 557
20579 20544 557
20601 20602 612
20602 20601 612
20608 34395 410
20609 20611 536
20611 20609 536
20896 20899 561
20899 20896 561
20905 20907 889
20907 20905 889
21159 20310 1352
21184 21185 182
21185 21184 182
21410 30716 4478
21443 21444 1762
21444 21443 1762
21529 21531 1818
21531 21529 1818
21580 21591 1175
21591 21580 1175
22709 22717 649
22717 22709 649
22724 22743 1188
22743 22724 1188
22818 22905 889
22905 22818 889
22969 29647 1571
22981 22983 847
22983 22981 847
22987 22990 788
22990 22987 788
23002 23006 403
23006 23002 403
23160 23167 78
23167 23160 78
23168 23199 818
23199 23168 818
23200 23201 818
23201 23200 818
23206 23240 1268
23240 23206 1268
24027 25151 869
24500 24739 713
24739 24500 713
25151 24027 869
25255 25257 354
25257 25255 354
25268 25269 688
25269 25268 688
26332 26334 202
26334 26332 202
27215 27218 276
27218 27215 276
27788 27793 2230
27793 27788 2230
28139 28140 445
28140 28139 445
28370 28372 2503
28372 28370 2503
28450 28451 1164
28451 28450 1164
28652 28657 5496
28654 28655 1140
28655 28654 1140
28657 28652 5496
28747 51568 1254
28803 28804 789
28804 28803 789
28996 51677 818
29008 29009 848
29009 29008 848
29512 29516 1651
29516 29512 1651
29518 30342 795
29647 22969 1571
30342 29518 795
30402 30416 1520
30416 30402 1520
30618 30712 2188
30712 30618 2188
30716 21410 4478
31034 31039 4002
31039 31034 4002
31179 31180 1796
31180 31179 1796
31182 31185 1235
31185 31182 1235
31488 31507 1174
31507 31488 1174
31526 31531 4079
31529 31594 1763
31531 31526 4079
31594 31529 1763
31657 31661 263
31661 31657 263
32264 32266 919
32266 32264 919
32363 32364 884
32364 32363 884
32425 32434 2007
32434 32425 2007
33824 33826 1807
33826 33824 1807
33836 33840 713
33840 33836 713
33843 33845 279
33845 33843 279
33882 33883 420
33883 33882 420
33922 33927 336
33927 33922 336
33979 33980 358
33980 33979 358
33985 33986 336
33986 33985 336
34395 20608 410
34762 232181 373
34906 7409 627
35049 8079 2818
35709 35719 2536
35719 35709 2536
36375 36723 8336
36448 36507 2017
36449 36510 344
36500 36528 951
36507 36448 2017
36510 36449 344
36528 36500 951
36723 36375 8336
36724 36725 3746
36725 36724 3746
36780 36785 1560
36783 36784 557
36784 36783 557
36785 36780 1560
36857 36861 333
36861 36857 333
37181 37196 511
37182 37183 841
37183 37182 841
37196 37181 511
37233 37269 505
37235 38406 589
37242 37263 336
37263 37242 336
37266 37267 373
37267 37266 373
37269 37233 505
37272 38407 475
38406 37235 589
38407 37272 475
40224 40225 927
40225 40224 927
40283 40290 878
40290 40283 878
40558 40561 1955
40561 40558 1955
40629 41161 713
40629 41163 1227
41161 40629 713
41163 40629 1227
41165 41183 558
41183 41165 558
41189 41234 511
41234 41189 511
41257 41367 747
41303 41326 276
41326 41303 276
41367 41257 747
41381 41382 650
41382 41381 650
41387 41395 2231
41395 41387 2231
41400 41402 1299
41402 41400 1299
41403 46306 1380
41676 41677 1080
41677 41676 1080
41705 41714 1379
41714 41705 1379
41747 41771 1027
41771 41747 1027
41931 49811 806
41978 41979 2682
41979 41978 2682
42206 42207 806
42207 42206 806
42214 42215 9974
42215 42214 9974
42231 42232 1281
42232 42231 1281
42246 42247 1307
42247 42246 1307
42560 42562 403
42562 42560 403
43424 43425 435
43425 43424 435
43851 44194 418
44194 43851 418
44266 44295 905
44290 44300 1055
44295 44266 905
44300 44290 1055
44301 44306 951
44306 44301 951
44387 44388 4470
44388 44387 4470
44524 44757 476
44585 44619 1188
44619 44585 1188
44757 44524 476
44761 44772 751
44772 44761 751
44802 45895 3298
45895 44802 3298
45933 45938 4548
45938 45933 4548
45939 45940 948
45940 45939 948
46025 46061 1704
46036 46037 810
46037 46036 810
46043 46044 924
46044 46043 924
46055 46057 1184
46056 46059 933
46057 46055 1184
46059 46056 933
46061 46025 1704
46092 46093 1483
46093 46092 1483
46151 46153 1901
46153 46151 1901
46159 46170 2834
46168 46169 2233
46169 46168 2233
46170 46159 2834
46171 46174 885
46174 46171 885
46185 46190 810
46190 46185 810
46227 50324 62
46264 126953 1121
46306 41403 1380
46308 46309 421
46309 46308 421
46522 129951 374
48285 48286 337
48286 48285 337
48294 48296 713
48296 48294 713
48332 48333 556
48333 48332 556
48634 48641 505
48641 48634 505
48644 48648 435
48648 48644 435
49233 49234 556
49234 49233 556
49652 131793 25514
49654 49655 928
49655 49654 928
49747 49749 435
49749 49747 435
49751 49758 1124
49758 49751 1124
49764 49766 1064
49766 49764 1064
49811 41931 806
49987 50017 13267
50017 49987 13267
50324 46227 62
50600 50601 1066
50601 50600 1066
51568 28747 1254
51634 51659 697
51638 51660 788
51659 51634 697
51660 51638 788
51677 28996 818
53376 53377 699
53377 53376 699
53391 53392 1016
53392 53391 1016
53560 53564 1515
53564 53560 1515
53622 53644 3590
53644 53622 3590
53976 54320 1145
54320 53976 1145
56950 56952 6413
56950 56974 9063
56952 56950 6413
56957 75791 812
56974 56950 9063
60392 60396 3631
60396 60392 3631
60463 77047 1634
60478 60513 415
60491 60504 639
60504 60491 639
60509 76534 835
60513 60478 415
60887 61077 1812
61077 60887 1812
61087 77246 1347
62707 62713 1636
62713 62707 1636
62765 77842 1595
63018 63019 848
63019 63018 848
63067 63068 1480
63068 63067 1480
63511 63531 693
63531 63511 693
64111 64112 1068
64112 64111 1068
64138 73995 646
64182 64187 3777
64187 64182 3777
64457 64458 1180
64458 64457 1180
66786 66787 104
66787 66786 104
66818 66823 3722
66823 66818 3722
66956 77018 1400
67050 67056 166
67056 67050 166
67607 67608 2755
67608 67607 2755
67962 67964 355
67964 67962 355
68017 68019 6045
68019 68017 6045
68461 68462 2894
68462 68461 2894
68603 68604 1412
68604 68603 1412
72229 72238 1000
72233 72236 2668
72236 72233 2668
72238 72229 1000
72294 72687 4447
72637 73058 1020
72687 72294 4447
73058 72637 1020
73175 73179 1890
73179 73175 1890
73696 73699 1031
73699 73696 1031
73713 73732 1205
73722 73724 2019
73724 73722 2019
73732 73713 1205
73885 73895 101
73895 73885 101
73927 73929 3791
73929 73927 3791
73995 64138 646
75782 75786 672
75786 75782 672
75786 75790 554
75790 75786 554
75791 56957 812
76534 60509 835
77018 66956 1400
77047 60463 1634
77246 61087 1347
77514 77612 3140
77612 77514 3140
77842 62765 1595
79095 84844 2013
79107 79108 1637
79108 79107 1637
79109 79143 4307
79143 79109 4307
80689 80690 6896
80690 80689 6896
80693 87171 3545
80785 80786 8386
80786 80785 8386
80827 80855 8431
80829 80830 5365
80830 80829 5365
80855 80827 8431
84844 79095 2013
87171 80693 3545
88107 88108 2716
88108 88107 2716
88579 88693 3935
88693 88579 3935
88797 89214 356
89126 89127 1023
89127 89126 1023
89143 89144 476
89144 89143 476
89153 89156 2105
89156 89153 2105
89214 88797 356
89227 89228 2801
89228 89227 2801
89501 89502 2414
89502 89501 2414
90054 90066 1345
90054 90096 8750
90066 90054 1345
90096 90054 8750
92595 92599 1827
92599 92595 1827
92603 92791 3011
92780 92788 168
92788 92780 168
92791 92603 3011
93589 93603 3072
93603 93589 3072
93638 93665 1813
93665 93638 1813
93977 93978 10251
93978 93977 10251
94065 94197 13948
94197 94065 13948
94278 94293 598
94293 94278 598
94376 94377 1891
94377 94376 1891
94382 94412 7137
94412 94382 7137
94495 94496 1187
94496 94495 1187
100560 100563 2340
100563 100560 2340
100952 101003 2366
101000 101001 435
101001 101000 435
101003 100952 2366
101091 101092 3090
101092 101091 3090
101102 101103 3131
101103 101102 3131
101104 101105 849
101105 101104 849
101181 101185 677
101185 101181 677
102788 102789 1070
102789 102788 1070
103470 103587 232
103471 103735 516
103587 103470 232
103735 103471 516
104118 105728 2113
104140 104141 344
104141 104140 344
104405 104409 4231
104409 104405 4231
104594 104611 980
104611 104594 980
104616 104648 974
104617 104644 618
104620 104642 1531
104642 104620 1531
104644 104617 618
104645 104646 1126
104646 104645 1126
104648 104616 974
104656 105341 1093
105340 105343 1073
105341 104656 1093
105343 105340 1073
105352 105354 435
105354 105352 435
105403 105410 1065
105407 105408 1000
105408 105407 1000
105410 105403 1065
105728 104118 2113
105729 112886 452
106196 106210 1606
106200 106201 1500
106201 106200 1500
106210 106196 1606
106226 106227 8671
106227 106226 8671
106616 113624 1477
108235 108240 2007
108240 108235 2007
108368 108874 672
108667 108668 764
108668 108667 764
108735 108737 899
108737 108735 899
108751 108752 1014
108752 108751 1014
108874 108368 672
109372 109480 7065
109413 109414 788
109414 109413 788
109480 109372 7065
109611 109621 12059
109621 109611 12059
110038 110039 557
110039 110038 557
110834 111660 418
111383 111402 3323
111394 111406 1181
111402 111383 3323
111406 111394 1181
111437 111443 336
111443 111437 336
111660 110834 418
112736 112753 452
112753 112736 452
112883 112891 826
112886 105729 452
112891 112883 826
113624 106616 1477
114580 114639 275
114639 114580 275
115548 115557 3145
115557 115548 3145
116090 116095 182
116095 116090 182
116510 116527 650
116527 116510 650
116728 116729 276
116729 116728 276
117607 117879 1038
117855 117863 5012
117863 117855 5012
117879 117607 1038
117892 117898 1087
117898 117892 1087
117976 122220 8050
117980 117993 9216
117993 117980 9216
120355 120359 977
120359 120355 977
120360 120361 980
120361 120360 980
120428 120429 506
120429 120428 506
120896 120899 452
120899 120896 452
120907 120908 581
120908 120907 581
120921 120923 782
120923 120921 782
120928 121501 674
120934 121509 2199
121318 121321 782
121321 121318 782
121321 121330 1687
121330 121321 1687
121501 120928 674
121509 120934 2199
121526 121529 613
121529 121526 613
121552 121553 711
121553 121552 711
121647 121649 5021
121649 121647 5021
122220 117976 8050
122520 122522 552
122522 122520 552
123306 123630 5555
123630 123306 5555
123696 123697 333
123697 123696 333
123733 123781 552
123781 123733 552
125488 125501 612
125501 125488 612
125619 125620 404
125620 125619 404
125629 125630 849
125630 125629 849
126224 126226 1420
126226 126224 1420
126377 126384 511
126384 126377 511
126385 126386 890
126386 126385 890
126387 126388 1364
126388 126387 1364
126538 126558 452
126558 126538 452
126561 126572 1517
126572 126561 1517
126600 127529 889
126953 46264 1121
126982 126983 1676
126983 126982 1676
127270 127301 333
127301 127270 333
127304 127309 1888
127309 127304 1888
127310 127327 238
127327 127310 238
127393 127433 752
127421 127423 476
127423 127421 476
127433 127393 752
127456 127460 475
127460 127456 475
127521 127544 667
127529 126600 889
127544 127521 667
127553 127554 2334
127554 127553 2334
127596 127606 934
127606 127596 934
127936 127950 677
127950 127936 677
128066 128068 1166
128068 128066 1166
128693 128734 558
128728 128847 874
128734 128693 558
128833 128876 804
128847 128728 874
128876 128833 804
128939 128940 610
128940 128939 610
129920 129924 472
129924 129920 472
129951 46522 374
129959 129961 1109
129960 129963 3043
129961 129959 1109
129962 129967 1017
129963 129960 3043
129967 129962 1017
129976 129978 253
129978 129976 253
129983 129989 202
129989 129983 202
130654 130655 752
130655 130654 752
130803 130811 796
130811 130803 796
130819 130825 337
130821 130860 556
130825 130819 337
130860 130821 556
130866 130879 445
130879 130866 445
131793 49652 25514
132629 132635 1161
132635 132629 1161
132636 132637 610
132637 132636 610
132654 249015 823
132663 132665 1336
132665 132663 1336
133032 133033 572
133033 133032 572
133115 133117 1467
133117 133115 1467
133119 133135 403
133135 133119 403
133137 133310 2970
133310 133137 2970
133341 133362 676
133349 133351 788
133350 133351 1919
133351 133349 788
133351 133350 1919
133354 133355 1031
133355 133354 1031
133362 133341 676
133373 133399 516
133399 133373 516
134130 134131 485
134131 134130 485
137019 137021 884
137020 137022 580
137021 137019 884
137022 137020 580
137072 137073 667
137073 137072 667
137082 137085 241
137085 137082 241
137086 137088 672
137088 137086 672
137212 137213 782
137213 137212 782
137214 137273 747
137273 137214 747
137412 137413 3153
137413 137412 3153
138265 138267 470
138267 138265 470
138628 138677 4112
138677 138628 4112
139532 139533 9998
139533 139532 9998
139761 151330 890
139762 151381 796
139801 139804 835
139804 139801 835
140043 142097 1642
140043 150721 7298
140377 140397 838
140397 140377 838
140398 140403 877
140403 140398 877
140419 140420 782
140420 140419 782
140427 140461 853
140461 140427 853
140467 140469 766
140469 140467 766
140476 140479 769
140479 140476 769
140786 140787 445
140787 140786 445
140859 151806 183
141889 141940 827
141940 141889 827
141944 141950 838
141950 141944 838
142090 142097 6320
142097 140043 1642
142097 142090 6320
142130 142131 908
142131 142130 908
142655 142656 847
142656 142655 847
142662 142663 824
142663 142662 824
142704 142705 939
142705 142704 939
142710 142711 861
142711 142710 861
142841 142842 773
142842 142841 773
142843 142849 837
142849 142843 837
142850 142851 807
142851 142850 807
142852 142853 787
142853 142852 787
143908 151816 1282
143968 143969 859
143969 143968 859
144035 144037 772
144036 144038 774
144037 144035 772
144038 144036 774
144039 146140 826
144042 146149 695
144106 146236 656
144182 144192 38
144192 144182 38
146140 144039 826
146149 144042 695
146233 146295 3680
146236 144106 656
146251 146252 64
146252 146251 64
146291 146292 321
146292 146291 321
146295 146233 3680
146296 146309 938
146300 146312 921
146309 146296 938
146312 146300 921
146321 146499 1000
146346 146501 1712
146346 146502 1668
146499 146321 1000
146501 146346 1712
146502 146346 1668
147076 147077 7312
147077 147076 7312
150131 150132 11268
150132 150131 11268
150388 198839 6211
150721 140043 7298
151329 151331 872
151330 139761 890
151331 151329 872
151342 151378 765
151344 151380 744
151346 151348 817
151348 151346 817
151378 151342 765
151380 151344 744
151381 139762 796
151382 151386 822
151386 151382 822
151394 151395 586
151395 151394 586
151403 151504 101
151504 151403 101
151505 151520 819
151507 151510 1005
151510 151507 1005
151517 151528 524
151518 151529 831
151520 151505 819
151528 151517 524
151529 151518 831
151543 151548 2439
151544 151549 3133
151546 151550 836
151548 151543 2439
151549 151544 3133
151550 151546 836
151580 151731 788
151581 151811 804
151731 151580 788
151752 151754 8753
151754 151752 8753
151806 140859 183
151811 151581 804
151816 143908 1282
152905 152912 7058
152909 155706 1117
152912 152905 7058
153406 154870 850
153421 155750 810
153438 153481 985
153475 153480 2598
153480 153475 2598
153481 153438 985
154870 153406 850
155706 152909 1117
155745 155749 751
155749 155745 751
155750 153421 810
155756 155761 747
155757 155758 697
155758 155757 697
155761 155756 747
155810 155823 810
155816 155817 279
155817 155816 279
155823 155810 810
157070 157071 683
157071 157070 683
157626 157638 1071
157638 157626 1071
157684 157687 934
157687 157684 934
157728 157729 1349
157729 157728 1349
161280 172763 12926
161343 161344 2167
161344 161343 2167
162586 162587 600
162587 162586 600
162598 162602 600
162600 162601 611
162601 162600 611
162602 162598 600
163927 163928 137
163928 163927 137
163949 163950 221
163950 163949 221
164023 164036 1903
164036 164023 1903
164102 164207 1145
164207 164102 1145
164374 164379 238
164379 164374 238
165152 165154 2273
165154 165152 2273
165197 165198 1032
165198 165197 1032
165386 165450 474
165450 165386 474
165490 167520 452
166338 166344 2361
166344 166338 2361
166658 166659 1897
166659 166658 1897
166822 166823 683
166823 166822 683
166997 167001 3241
167001 166997 3241
167078 167092 1779
167090 167091 610
167091 167090 610
167092 167078 1779
167114 167128 927
167127 167229 341
167128 167114 927
167229 167127 341
167520 165490 452
167717 167784 1344
167784 167717 1344
167824 167826 253
167826 167824 253
168237 168274 2959
168242 168263 1657
168263 168242 1657
168266 168267 1450
168267 168266 1450
168274 168237 2959
168358 168362 1102
168362 168358 1102
168366 168385 989
168385 168366 989
168528 168530 683
168530 168528 683
170521 170688 675
170688 170521 675
170700 170704 870
170704 170700 870
172763 161280 12926
172904 184040 8948
173962 173963 4314
173963 173962 4314
174049 174064 1014
174052 174079 2666
174064 174049 1014
174074 174075 2914
174075 174074 2914
174079 174052 2666
174096 174103 2812
174103 174096 2812
174104 174105 2137
174105 174104 2137
174107 174331 457
174284 174352 878
174305 174418 2430
174331 174107 457
174352 174284 878
174418 174305 2430
174430 174486 1034
174437 174449 871
174439 174450 600
174449 174437 871
174450 174439 600
174456 174458 1469
174458 174456 1469
174486 174430 1034
174692 176431 445
175044 176640 1245
175106 175508 1686
175508 175106 1686
176398 176399 2520
176399 176398 2520
176431 174692 445
176640 175044 1245
176757 176820 502
176797 176798 452
176798 176797 452
176820 176757 502
181181 181185 1891
181185 181181 1891
181191 181192 2281
181192 181191 2281
181503 181589 4459
181589 181503 4459
182790 182791 2485
182791 182790 2485
182936 182937 5917
182937 182936 5917
182996 182998 445
182998 182996 445
183534 183598 3956
183598 183534 3956
183598 183599 445
183599 183598 445
183602 183603 2450
183603 183602 2450
183603 183616 2216
183616 183603 2216
183817 183831 893
183831 183817 893
183841 183842 202
183842 183841 202
184014 184043 673
184040 172904 8948
184043 184014 673
184956 184957 984
184957 184956 984
184978 185007 818
185007 184978 818
185009 185052 818
185027 185030 552
185030 185027 552
185050 185055 848
185052 185009 818
185055 185050 848
186640 189663 486
187087 187088 1133
187088 187087 1133
187190 190533 344
187344 187419 802
187345 187420 785
187419 187344 802
187420 187345 785
187498 187500 785
187499 187501 810
187500 187498 785
187501 187499 810
187505 187506 826
187506 187505 826
187545 187546 818
187546 187545 818
187554 187556 860
187556 187554 860
187567 188665 778
188665 187567 778
188666 188668 812
188668 188666 812
188689 188690 787
188690 188689 787
188700 188728 841
188728 188700 841
188731 188732 834
188732 188731 834
188749 188753 787
188753 188749 787
188757 188758 850
188758 188757 850
188919 188921 868
188921 188919 868
188928 189546 89
188962 188978 417
188978 188962 417
189309 197504 659
189546 188928 89
189663 186640 486
190533 187190 344
193087 193088 359
193088 193087 359
194692 196227 446
195337 211505 539
195357 195359 3033
195359 195357 3033
195366 195381 1263
195380 195396 730
195381 195366 1263
195389 195391 3255
195391 195389 3255
195391 196137 304
195396 195380 730
196137 195391 304
196162 196173 2539
196173 196162 2539
196223 196252 672
196227 194692 446
196252 196223 672
196259 196262 274
196262 196259 274
196526 196527 110
196527 196526 110
196552 196554 279
196554 196552 279
196848 196849 1226
196849 196848 1226
197060 214884 614
197504 189309 659
198839 150388 6211
201488 201489 1870
201489 201488 1870
201604 201610 278
201610 201604 278
202169 202179 751
202179 202169 751
202401 202402 238
202402 202401 238
202455 202472 1933
202471 202472 327
202472 202455 1933
202472 202471 327
202626 202627 286
202627 202626 286
202934 202935 404
202935 202934 404
202974 202977 651
202977 202974 651
202981 214879 311
202990 214329 1713
203279 203633 1431
203328 203459 439
203400 203409 275
203408 203517 259
203409 203400 275
203419 205684 283
203459 203328 439
203460 203477 1406
203477 203460 1406
203498 203499 943
203498 203500 953
203499 203498 943
203500 203498 953
203517 203408 259
203566 212154 463
203633 203279 1431
203642 203643 781
203643 203642 781
204945 204947 4407
204947 204945 4407
205308 205312 4998
205312 205308 4998
205478 205480 645
205478 205491 1240
205480 205478 645
205491 205478 1240
205548 205551 440
205551 205548 440
205681 214381 115
205684 203419 283
205686 214384 784
206058 209751 1805
206191 206244 748
206193 206248 839
206204 206206 766
206205 206207 839
206206 206204 766
206207 206205 839
206208 206209 839
206209 206208 839
206244 206191 748
206248 206193 839
206249 206250 710
206250 206249 710
206606 206607 710
206607 206606 710
206608 206609 755
206609 206608 755
206614 206616 841
206616 206614 841
206642 214825 162
206823 214823 322
206825 206828 445
206828 206825 445
206828 214826 1434
206835 206837 1741
206837 206835 1741
207785 207786 1392
207786 207785 1392
209170 209817 1280
209183 209184 194
209184 209183 194
209697 209729 2331
209729 209697 2331
209751 206058 1805
209805 209808 846
209808 209805 846
209808 209904 2066
209811 209812 1117
209812 209811 1117
209814 209815 2717
209815 209814 2717
209817 209170 1280
209904 209808 2066
209915 209917 779
209917 209915 779
209918 209919 439
209919 209918 439
209955 209962 4216
209962 209955 4216
211398 211455 622
211402 211407 2213
211407 211402 2213
211444 211477 721
211455 211398 622
211455 214931 1439
211477 211444 721
211498 211500 1637
211500 211498 1637
211505 195337 539
211521 211522 7211
211522 211521 7211
212028 212038 870
212034 214265 521
212038 212028 870
212154 203566 463
212155 212786 514
212166 212339 366
212321 212326 607
212324 212341 1328
212326 212321 607
212338 212344 1349
212339 212166 366
212341 212324 1328
212344 212338 1349
212786 212155 514
213935 213951 786
213951 213935 786
213952 214711 390
214212 214222 593
214219 214220 238
214220 214219 238
214222 214212 593
214265 212034 521
214265 214527 774
214329 202990 1713
214381 205681 115
214384 205686 784
214433 214445 984
214445 214433 984
214527 214265 774
214711 213952 390
214823 206823 322
214825 206642 162
214826 206828 1434
214879 202981 311
214884 197060 614
214931 211455 1439
218186 218193 6357
218193 218186 6357
219225 219226 4385
219226 219225 4385
219647 224029 1930
219987 219988 196
219988 219987 196
220005 222504 868
220011 222470 918
222467 222468 738
222468 222467 738
222470 220011 918
222504 220005 868
222506 222507 855
222507 222506 855
222609 222616 10257
222616 222609 10257
224029 219647 1930
225023 225029 12692
225029 225023 12692
226874 226886 151
226886 226874 151
226920 226977 4481
226977 226920 4481
227334 227441 1556
227441 227334 1556
227442 227452 6209
227452 227442 6209
227507 227554 670
227554 227507 670
227609 227610 502
227610 227609 502
227633 227641 525
227641 227633 525
227642 227644 1556
227644 227642 1556
228303 228308 2285
228308 228303 2285
228348 228500 533
228375 228377 4634
228377 228375 4634
228500 228348 533
228596 228597 5065
228597 228596 5065
228597 228754 980
228736 228756 3183
228736 228777 2079
228754 228597 980
228756 228736 3183
228777 228736 2079
228790 228793 1114
228793 228790 1114
228796 234964 6908
231814 231844 1114
231824 231844 3112
231844 231814 1114
231844 231824 3112
232181 34762 373
232288 232289 9921
232289 232288 9921
232337 232338 2024
232338 232337 2024
232362 232364 1114
232364 232362 1114
232379 232381 1004
232380 232387 4196
232380 232440 1257
232380 232441 7787
232381 232379 1004
232387 232380 4196
232440 232380 1257
232441 232380 7787
232459 232629 445
232629 232459 445
232654 232671 9248
232660 232667 782
232667 232660 782
232671 232654 9248
233426 233428 562
233428 233426 562
233469 233482 1031
233475 233480 988
233476 233477 539
233477 233476 539
233480 233475 988
233482 233469 1031
233601 11170 2789
233639 11164 9170
234964 228796 6908
236465 236466 121
236466 236465 121
238324 238327 7123
238327 238324 7123
239121 239123 375
239123 239121 375
239153 239197 5619
239197 239153 5619
240000 240003 1872
240003 240000 1872
240014 240046 110
240046 240014 110
240051 240066 867
240064 240189 817
240066 240051 867
240189 240064 817
240200 240204 817
240204 240200 817
241048 241049 1427
241049 241048 1427
242786 242793 5046
242788 242789 13306
242789 242788 13306
242793 242786 5046
243082 243237 12573
243156 243236 757
243197 243240 3426
243236 243156 757
243237 243082 12573
243240 243197 3426
243803 243810 4103
243810 243803 4103
244199 244202 203
244202 244199 203
244284 244377 110
244377 244284 110
244447 244450 3451
244450 244447 3451
244481 244517 1180
244517 244481 1180
244518 244523 1168
244523 244518 1168
245315 245510 1439
245399 245402 1314
245402 245399 1314
245510 245315 1439
245554 247281 2259
245670 245671 736
245671 245670 736
245808 245839 926
245839 245808 926
246132 246135 990
246135 246132 990
246142 246149 2566
246144 246146 846
246146 246144 846
246149 246142 2566
246404 246413 949
246413 246404 949
246483 246526 2975
246526 246483 2975
246529 246536 3153
246536 246529 3153
246970 246971 562
246971 246970 562
247281 245554 2259
247504 247511 475
247509 247510 1006
247510 247509 1006
247511 247504 475
248217 248222 893
248222 248217 893
248233 248234 1919
248234 248233 1919
248269 248275 672
248275 248269 672
248327 248331 2598
248331 248327 2598
249015 132654 823
250338 250339 610
250339 250338 610
250346 250347 1101
250347 250346 1101
250352 250541 139
250541 250352 139
250584 250585 1558
250585 250584 1558
250604 250607 227
250607 250604 227
250681 250683 975
250683 250681 975
250688 250734 336
250708 250737 2169
250734 250688 336
250737 250708 2169
250771 250925 5482
250816 250823 275
250821 250822 279
250822 250821 279
250823 250816 275
250925 250771 5482
251440 251441 557
251441 251440 557
254272 254283 1114
254277 254280 336
254277 254749 2578
254280 254277 336
254283 254272 1114
254732 255691 276
254749 254277 2578
255180 257852 18282
255680 255686 1499
255686 255680 1499
255691 254732 276
255776 255779 1967
255779 255776 1967
257852 255180 18282
257858 257859 532
257859 257858 532
257967 261154 278
258120 258122 377
258122 258120 377
258155 258215 2245
258173 258175 1637
258175 258173 1637
258190 258193 4318
258193 258190 4318
258215 258155 2245
258255 258257 1652
258257 258255 1652
258285 258286 3910
258286 258285 3910
259013 259016 3150
259016 259013 3150
259094 259118 576
259100 259106 7854
259106 259100 7854
259118 259094 576
259677 259680 3406
259680 259677 3406
261154 257967 278
