1178
1662 1664 15108
1664 1662 15108
1674 1676 9883
1676 1674 9883
1897 3267 3612
2173 2174 78
2174 2173 78
3267 1897 3612
3505 3518 7003
3518 3505 7003
3625 3829 4654
3700 3718 5688
3718 3700 5688
3829 3625 4654
7234 7235 4967
7235 7234 4967
7347 7348 5065
7348 7347 5065
7751 7877 428
7877 7751 428
13009 13014 1636
13014 13009 1636
13090 13097 3293
13097 13090 3293
15145 15168 751
15168 15145 751
22424 22457 3221
22457 22424 3221
22742 1046826 1980
25041 25044 7352
25044 25041 7352
25744 25770 41905
25751 25780 9610
25770 25744 41905
25780 25751 9610
25808 25820 25232
25820 25808 25232
29473 29474 849
29474 29473 849
30068 30075 365
30075 30068 365
30107 39756 3389
31082 31086 5272
31086 31082 5272
31109 31110 2511
31110 31109 2511
31144 31227 6155
31227 31144 6155
35308 35309 2029
35309 35308 2029
39756 30107 3389
41676 41677 5506
41677 41676 5506
42214 42215 246
42215 42214 246
42238 42239 1972
42239 42238 1972
42296 42297 14953
42297 42296 14953
48203 48227 8103
48221 48226 2719
48226 48221 2719
48227 48203 8103
48477 48478 3430
48478 48477 3430
50045 50072 1214
50072 50045 1214
50189 50353 4217
50353 50189 4217
66412 66415 3362
66415 66412 3362
69037 71180 452
71180 69037 452
72651 72690 127175
72690 72651 127175
72790 72795 244
72795 72790 244
78807 78854 19187
78854 78807 19187
79218 79226 2010
79226 79218 2010
79249 79497 778
79497 79249 778
83868 83932 674
83932 83868 674
83943 83997 1895
83996 84002 3011
83997 83943 1895
84002 83996 3011
84201 84202 1004
84202 84201 1004
84218 84222 4933
84222 84218 4933
84814 84817 1945
84817 84814 1945
84899 84900 447
84900 84899 447
89133 89134 599
89134 89133 599
91072 91214 609
91214 91072 609
91214 91219 5671
91219 91214 5671
91559 91582 1402
91582 91559 1402
91616 91618 244
91618 91616 244
92282 92283 599
92283 92282 599
100190 106871 887
100437 100459 3165
100459 100437 3165
100561 100563 1093
100563 100561 1093
101368 101369 2226
101369 101368 2226
101975 101977 445
101977 101975 445
103872 580089 1849
104341 104342 445
104342 104341 445
104617 104620 111
104620 104617 111
106871 100190 887
108168 728549 3663
122805 122806 166
122806 122805 166
126281 126282 1619
126282 126281 1619
127141 127142 7708
127142 127141 7708
127156 127161 7315
127161 127156 7315
127985 128000 21119
128000 127985 21119
128028 288195 723
131862 139942 2155
133758 133762 2115
133762 133758 2115
134884 134885 4266
134885 134884 4266
135045 135048 5391
135048 135045 5391
135064 135065 6880
135065 135064 6880
139942 131862 2155
148529 148530 975
148530 148529 975
155960 155962 1451
155962 155960 1451
160014 164386 941
163128 163129 609
163129 163128 609
163616 163633 991
163633 163616 991
163724 165289 3470
164357 164449 11596
164386 160014 941
164449 164357 11596
165289 163724 3470
171010 171011 2365
171011 171010 2365
172106 173406 676
173349 175107 2215
173371 173372 2065
173372 173371 2065
173406 172106 676
174595 174598 1422
174598 174595 1422
175107 173349 2215
175212 177066 476
176015 176033 2241
176033 176015 2241
177066 175212 476
180105 180110 610
180110 180105 610
180597 180598 6025
180598 180597 6025
185236 185237 5494
185237 185236 5494
185469 185472 8348
185472 185469 8348
188854 188866 9155
188866 188854 9155
195692 198726 3477
198726 195692 3477
198900 198901 3147
198901 198900 3147
198902 198903 1419
198903 198902 1419
198915 198916 1683
198916 198915 1683
198973 198976 2966
198976 198973 2966
199002 199005 4385
199005 199002 4385
199028 199031 2520
199031 199028 2520
201834 201845 7191
201845 201834 7191
208350 208353 3895
208353 208350 3895
208726 208730 2745
208730 208726 2745
211082 639823 10740
214802 214821 3798
214821 214802 3798
222309 222810 7745
222810 222309 7745
224957 224966 1247
224966 224957 1247
224966 224967 1448
224967 224966 1448
225446 225456 3436
225456 225446 3436
226885 226887 1334
226887 226885 1334
234028 234042 2119
234042 234028 2119
235746 235748 4363
235748 235746 4363
235834 235839 5529
235839 235834 5529
236052 236054 3997
236054 236052 3997
236854 236860 20894
236860 236854 20894
236893 236898 3686
236898 236893 3686
242546 243632 1272
243632 242546 1272
257928 258984 3150
258984 257928 3150
264971 264974 5556
264974 264971 5556
268975 268976 4124
268976 268975 4124
269887 272456 16718
272456 269887 16718
273957 273958 582
273958 273957 582
274058 274322 1326
274322 274058 1326
278539 278547 924
278547 278539 924
278553 278555 11614
278555 278553 11614
279963 974051 1568
285163 285164 337
285164 285163 337
288195 128028 723
288339 288340 586
288340 288339 586
290950 290951 21831
290951 290950 21831
292702 292717 2470
292717 292702 2470
292819 292821 3669
292821 292819 3669
292873 292892 421
292892 292873 421
300706 300722 967
300722 300706 967
302740 302741 2648
302741 302740 2648
305359 305430 23204
305365 305371 4232
305371 305365 4232
305430 305359 23204
305518 305520 3091
305520 305518 3091
305736 305740 505
305740 305736 505
322834 322839 6206
322839 322834 6206
326712 326814 4325
326814 326712 4325
327117 327125 3198
327125 327117 3198
327243 327244 3601
327244 327243 3601
331446 332163 8026
331845 331848 6757
331848 331845 6757
332163 331446 8026
332276 336054 1731
332288 336054 1359
332377 332378 3049
332378 332377 3049
333488 333489 6433
333489 333488 6433
333495 333496 3855
333496 333495 3855
333512 333514 3962
333514 333512 3962
333688 333860 535
333860 333688 535
334769 334780 5067
334780 334769 5067
335032 335033 1361
335033 335032 1361
335911 339214 3357
335974 335978 1050
335978 335974 1050
336054 332276 1731
336054 332288 1359
336146 336147 3508
336147 336146 3508
336372 337873 1720
336375 337874 2626
337873 336372 1720
337874 336375 2626
337880 338028 1116
337972 337974 4219
337974 337972 4219
338015 338016 13
338016 338015 13
338028 337880 1116
338488 338489 996
338489 338488 996
338680 338699 3034
338699 338680 3034
338785 338786 3727
338786 338785 3727
339021 339028 4155
339025 339026 676
339026 339025 676
339028 339021 4155
339214 335911 3357
340009 364491 1036
340124 340125 4738
340125 340124 4738
340789 340790 395
340790 340789 395
340844 340845 1280
340845 340844 1280
340880 341610 1815
341610 340880 1815
341683 341981 641
341981 341683 641
342012 375126 975
350753 365703 495
357029 357069 2129
357069 357029 2129
357353 357360 883
357353 357590 3964
357353 357745 251
357360 357353 883
357590 357353 3964
357745 357353 251
357964 357969 1228
357969 357964 1228
358785 364388 2918
361433 361434 5547
361434 361433 5547
363767 363768 163
363768 363767 163
363862 363863 1462
363863 363862 1462
363932 363934 3178
363934 363932 3178
364388 358785 2918
364491 340009 1036
364590 368274 5210
365703 350753 495
366446 366447 1022
366447 366446 1022
367961 372614 1760
368274 364590 5210
372614 367961 1760
375126 342012 975
376045 376189 148
376189 376045 148
377601 377602 19116
377602 377601 19116
380293 380294 2104
380294 380293 2104
383178 386991 254
383607 389941 518
383714 383715 3821
383715 383714 3821
386991 383178 254
389941 383607 518
400741 400742 4528
400742 400741 4528
402839 402846 1632
402846 402839 1632
402890 402891 6350
402891 402890 6350
402902 402936 847
402936 402902 847
402961 403033 1606
403033 402961 1606
403125 403127 8151
403127 403125 8151
405127 406855 2057
405503 405694 5118
405694 405503 5118
406855 405127 2057
407580 407591 12283
407591 407580 12283
407626 407642 5394
407642 407626 5394
411776 419072 4468
414683 414686 2105
414686 414683 2105
414741 414743 521
414743 414741 521
416814 417410 1092
417410 416814 1092
417571 423476 7065
418194 418423 358
418423 418194 358
419072 411776 4468
423004 423005 8646
423005 423004 8646
423193 423359 5314
423355 423356 4578
423356 423355 4578
423359 423193 5314
423366 423367 5775
423367 423366 5775
423476 417571 7065
454204 454206 1891
454206 454204 1891
454664 454720 1820
454720 454664 1820
455130 455131 923
455131 455130 923
457758 457759 2087
457759 457758 2087
465286 465310 3303
465310 465286 3303
465350 465358 29037
465358 465350 29037
465560 465564 35194
465564 465560 35194
465587 1014150 5212
466783 466787 8061
466787 466783 8061
466812 466872 4463
466872 466812 4463
467610 467613 3486
467610 480123 2338
467613 467610 3486
467696 480242 3428
469340 469343 3335
469343 469340 3335
469428 469430 3275
469430 469428 3275
469535 469536 1441
469536 469535 1441
480123 467610 2338
480242 467696 3428
488133 488401 7288
488276 488278 4733
488276 488298 1724
488278 488276 4733
488298 488276 1724
488380 488390 4000
488390 488380 4000
488401 488133 7288
488493 488500 12404
488500 488493 12404
488507 488508 2451
488508 488507 2451
489405 489529 1040
489416 489422 6122
489422 489416 6122
489529 489405 1040
489622 489623 6052
489623 489622 6052
489650 489671 18861
489671 489650 18861
489713 489714 2534
489714 489713 2534
489790 489794 2710
489794 489790 2710
489851 489893 1409
489893 489851 1409
496272 1039603 6530
496291 496293 1307
496293 496291 1307
496305 496762 12106
496690 496691 2025
496691 496690 2025
496709 496711 4450
496711 496709 4450
496762 496305 12106
496874 496976 2851
496976 496874 2851
498427 498428 191
498428 498427 191
501019 501065 183
501054 501055 5745
501055 501054 5745
501065 501019 183
502938 919410 8092
503057 503058 20645
503058 503057 20645
505051 505053 480
505053 505051 480
505119 505155 4587
505155 505119 4587
505199 505200 4803
505200 505199 4803
505212 505217 1104
505217 505212 1104
510251 514622 1673
510331 510360 5721
510360 510331 5721
512334 512337 5402
512335 512338 4923
512337 512334 5402
512338 512335 4923
512363 514672 1928
513860 513989 7679
513932 513933 3126
513933 513932 3126
513989 513860 7679
514407 514411 799
514410 514497 707
514411 514407 799
514497 514410 707
514622 510251 1673
514672 512363 1928
518516 518517 711
518517 518516 711
518580 518655 5446
518653 518654 330
518654 518653 330
518655 518580 5446
519168 519529 7190
519465 550421 840
519529 519168 7190
520486 520746 1120
520746 520486 1120
521066 521073 2385
521072 521168 10848
521073 521066 2385
521082 552987 6501
521085 552020 12862
521168 521072 10848
521907 521980 2352
521909 521912 3174
521912 521909 3174
521980 521907 2352
523178 523180 7331
523180 523178 7331
523233 523239 3505
523239 523233 3505
524318 524325 466
524323 524349 468
524325 524318 466
524349 524323 468
526152 527288 8389
526574 526576 539
526576 526574 539
527288 526152 8389
531074 550071 142
550071 531074 142
550421 519465 840
552020 521085 12862
552596 552597 3209
552597 552596 3209
552987 521082 6501
555347 555348 719
555348 555347 719
556013 556015 867
556015 556013 867
558099 562263 1260
558604 558946 18497
558946 558604 18497
559143 559366 2571
559179 559185 4691
559185 559179 4691
559366 559143 2571
561566 561575 10614
561575 561566 10614
562262 562279 170
562263 558099 1260
562279 562262 170
571302 571543 456
571303 571310 2126
571310 571303 2126
571432 571450 1500
571450 571432 1500
571529 571530 300
571530 571529 300
571534 571546 1116
571536 571538 445
571538 571536 445
571543 571302 456
571546 571534 1116
572430 572434 667
572434 572430 667
572449 572450 555
572450 572449 555
573781 573798 512
573792 573793 400
573793 573792 400
573798 573781 512
573831 573832 778
573832 573831 778
575268 575274 3006
575274 575268 3006
575298 575306 2890
575306 575298 2890
579761 580327 1111
580089 103872 1849
580125 580126 2926
580126 580125 2926
580320 580327 448
580327 579761 1111
580327 580320 448
582398 588479 800
583709 583770 16191
583770 583709 16191
584819 584820 1005
584820 584819 1005
585838 586351 448
586216 586425 373
586274 586276 807
586276 586274 807
586351 585838 448
586365 586483 600
586425 586216 373
586483 586365 600
586536 588179 610
588179 586536 610
588196 588277 600
588199 588211 1006
588204 588206 900
588206 588204 900
588211 588199 1006
588277 588196 600
588321 588325 1105
588325 588321 1105
588355 588367 778
588367 588355 778
588367 588471 1604
588471 588367 1604
588479 582398 800
593465 593498 47417
593498 593465 47417
594157 594158 766
594158 594157 766
598517 598529 7956
598529 598517 7956
598992 598993 3739
598993 598992 3739
600614 600708 6523
600708 600614 6523
600777 600778 2849
600778 600777 2849
600795 600866 3978
600866 600795 3978
601159 601160 272
601160 601159 272
607469 611508 1028
607613 625755 174
611508 607469 1028
611618 611619 318
611619 611618 318
611723 611733 200
611733 611723 200
611733 611734 8299
611734 611733 8299
612639 615148 1556
612649 615134 1448
615134 612649 1448
615148 612639 1556
615268 615358 1180
615286 615288 3265
615288 615286 3265
615357 615359 2447
615358 615268 1180
615359 615357 2447
615823 615824 3367
615824 615823 3367
615988 615989 556
615989 615988 556
616118 616119 4150
616119 616118 4150
625755 607613 174
631687 631721 1458
631721 631687 1458
635932 635962 5251
635962 635932 5251
638923 640125 3985
639823 211082 10740
640125 638923 3985
640139 640143 880
640143 640139 880
640204 640206 114
640206 640204 114
643371 643372 2360
643372 643371 2360
643431 643433 481
643433 643431 481
645257 645271 2685
645271 645257 2685
646025 646027 8950
646027 646025 8950
646106 646171 277
646171 646106 277
647346 647347 6732
647347 647346 6732
647549 647550 9453
647550 647549 9453
657629 657760 680
657760 657629 680
658456 658756 611
658694 658723 791
658723 658694 791
658756 658456 611
658999 660251 662
660251 658999 662
660817 661950 230
661158 661159 2245
661159 661158 2245
661236 661237 9213
661237 661236 9213
661950 660817 230
663760 663881 2191
663765 663882 1002
663803 663807 2218
663807 663803 2218
663881 663760 2191
663882 663765 1002
664159 664163 333
664163 664159 333
664505 667509 226
664616 664617 262
664617 664616 262
664630 664643 5557
664643 664630 5557
664658 664662 1574
664662 664658 1574
664991 664994 8324
664994 664991 8324
665177 665179 8340
665179 665177 8340
667509 664505 226
667604 667606 4223
667606 667604 4223
668651 668675 578
668651 668683 448
668675 668651 578
668683 668651 448
669602 669605 2032
669605 669602 2032
670578 670579 611
670579 670578 611
670614 670616 1744
670616 670614 1744
670617 670682 2954
670682 670617 2954
670698 670755 2894
670755 670698 2894
670841 670842 199
670842 670841 199
674839 675065 1741
674882 674883 1148
674883 674882 1148
675065 674839 1741
675080 675081 1781
675081 675080 1781
675093 675094 968
675094 675093 968
675387 675679 1042
675679 675387 1042
675771 675774 1073
675774 675771 1073
675784 675785 534
675785 675784 534
676011 676012 1336
676012 676011 1336
676024 676066 888
676066 676024 888
676070 676084 880
676084 676070 880
676096 676098 1111
676098 676096 1111
676838 676847 2573
676847 676838 2573
677431 677499 674
677499 677431 674
677696 677697 861
677697 677696 861
686059 705022 7692
686061 711380 9605
686093 686094 1663
686094 686093 1663
686260 686540 1985
686343 686344 2780
686344 686343 2780
686540 686260 1985
686830 953460 2009
689169 689171 1035
689171 689169 1035
689225 689227 1699
689227 689225 1699
689377 689380 3787
689380 689377 3787
689416 689461 1663
689461 689416 1663
690036 690112 2345
690112 690036 2345
690119 690122 977
690122 690119 977
690271 690274 2221
690274 690271 2221
691623 949343 655
691847 691848 4721
691848 691847 4721
691931 692695 223
692695 691931 223
694909 949355 1445
697572 697575 9156
697575 697572 9156
699319 699320 1872
699320 699319 1872
703034 703037 44350
703037 703034 44350
705022 686059 7692
705665 705666 2826
705666 705665 2826
706123 706150 13854
706144 706145 736
706145 706144 736
706150 706123 13854
706447 706448 1781
706448 706447 1781
708914 708915 3537
708915 708914 3537
708932 708952 20157
708944 708953 20391
708952 708932 20157
708953 708944 20391
709012 709013 694
709013 709012 694
709637 710755 6159
710755 709637 6159
711380 686061 9605
714879 714965 21652
714926 714936 4474
714936 714926 4474
714965 714879 21652
715344 715351 2669
715348 715441 1292
715351 715344 2669
715441 715348 1292
718570 718572 4668
718572 718570 4668
718735 718736 1624
718736 718735 1624
719174 719175 696
719175 719174 696
721524 721531 333
721531 721524 333
721540 721541 2028
721541 721540 2028
728549 108168 3663
728896 729330 339
729320 729327 556
729324 729326 446
729326 729324 446
729327 729320 556
729330 728896 339
729926 729940 1709
729933 729934 3481
729934 729933 3481
729940 729926 1709
729950 729951 456
729951 729950 456
730025 730026 2118
730026 730025 2118
740251 742353 351
740386 740409 16597
740409 740386 16597
742347 742349 14293
742349 742347 14293
742353 740251 351
743637 744351 455
744350 749343 298
744351 743637 455
749343 744350 298
750417 750418 889
750418 750417 889
750418 750419 619
750419 750418 619
750432 750434 20501
750434 750432 20501
750447 750448 2345
750448 750447 2345
750449 750450 15454
750450 750449 15454
750945 750946 3728
750946 750945 3728
752040 758369 3663
752054 752055 2981
752055 752054 2981
755157 755188 778
755188 755157 778
755226 755256 2541
755256 755226 2541
758369 752040 3663
765646 777889 5751
768654 768655 5345
768655 768654 5345
777848 779350 2106
777883 777961 4741
777889 765646 5751
777903 785450 2368
777918 777923 2646
777923 777918 2646
777927 777934 149
777929 777930 2692
777930 777929 2692
777934 777927 149
777961 777883 4741
777967 777971 5340
777971 777967 5340
778506 778507 3268
778507 778506 3268
779350 777848 2106
782024 782498 1350
782458 782459 8534
782459 782458 8534
782498 782024 1350
783686 783688 13173
783688 783686 13173
783710 783711 3946
783711 783710 3946
785450 777903 2368
787313 787466 249
787466 787313 249
790440 790442 1222
790442 790440 1222
795586 795668 564
795661 795710 729
795668 795586 564
795710 795661 729
796377 796387 1005
796387 796377 1005
796455 796462 1575
796462 796455 1575
797880 797944 346
797882 797946 2326
797944 797880 346
797946 797882 2326
800584 800585 348
800585 800584 348
800872 825911 263
801073 801074 437
801074 801073 437
801115 801116 1164
801116 801115 1164
801510 827794 202
806389 806395 756
806395 806389 756
807131 807135 5112
807135 807131 5112
807251 807331 295
807331 807251 295
825911 800872 263
827794 801510 202
833838 833844 8347
833841 833960 1332
833844 833838 8347
833960 833841 1332
836583 836716 7211
836687 858492 4752
836716 836583 7211
836728 836729 4005
836728 836734 1354
836729 836728 4005
836734 836728 1354
839357 857174 2225
839389 839392 884
839392 839389 884
839395 839396 15352
839396 839395 15352
844156 844172 214
844172 844156 214
844201 844226 9408
844226 844201 9408
847894 847896 2014
847896 847894 2014
848183 848187 2829
848187 848183 2829
851435 851436 4645
851436 851435 4645
851445 851448 28848
851448 851445 28848
852129 852133 2120
852133 852129 2120
852974 852981 3414
852981 852974 3414
856509 856510 2092
856510 856509 2092
856759 856765 687
856765 856759 687
856791 856799 3756
856799 856791 3756
856871 856892 1111
856890 856894 662
856892 856871 1111
856894 856890 662
856897 856899 4455
856899 856897 4455
856989 856997 225
856992 857011 7187
856997 856989 225
857011 856992 7187
857100 857135 599
857135 857100 599
857174 839357 2225
858492 836687 4752
865112 865113 2234
865113 865112 2234
872196 872714 438
872714 872196 438
913868 913890 10148
913890 913868 10148
919398 919401 4256
919401 919398 4256
919410 502938 8092
919824 919839 21533
919839 919824 21533
919936 920622 1700
920265 920505 2000
920505 920265 2000
920622 919936 1700
929223 935095 18649
935095 929223 18649
946758 946974 2497
946974 946758 2497
949186 949189 2056
949189 949186 2056
949314 949320 1519
949320 949314 1519
949343 691623 655
949355 694909 1445
953460 686830 2009
953483 953484 1334
953484 953483 1334
953859 953862 326
953862 953859 326
954124 954125 443
954125 954124 443
954138 954142 1793
954142 954138 1793
961127 961129 9513
961129 961127 9513
961438 961439 7736
961439 961438 7736
961893 961913 11988
961913 961893 11988
961964 962232 7663
962232 961964 7663
962827 962844 11430
962844 962827 11430
963831 963832 1329
963832 963831 1329
963935 964382 1996
964267 964719 46335
964332 966550 2913
964382 963935 1996
964384 964385 3020
964385 964384 3020
964421 964529 8228
964524 964525 2954
964525 964524 2954
964529 964421 8228
964632 964636 2222
964636 964632 2222
964661 964663 4141
964663 964661 4141
964719 964267 46335
965125 965126 840
965126 965125 840
965210 965213 4727
965213 965210 4727
965483 965484 4637
965484 965483 4637
966550 964332 2913
973675 973759 558
973759 973675 558
974051 279963 1568
984300 984303 185
984303 984300 185
984348 984496 354
984496 984348 354
984825 984856 5404
984856 984825 5404
989221 989231 18213
989231 989221 18213
989233 989234 3836
989234 989233 3836
989570 989571 2337
989571 989570 2337
990329 990330 5165
990330 990329 5165
995374 995375 15137
995375 995374 15137
995381 998348 7041
995638 995639 3120
995639 995638 3120
998348 995381 7041
998530 998532 796
998532 998530 796
1014150 465587 5212
1014272 1014273 8210
1014273 1014272 8210
1014273 1014274 16967
1014274 1014273 16967
1014641 1014643 858
1014643 1014641 858
1014677 1014690 3335
1014688 1014691 1604
1014690 1014677 3335
1014691 1014688 1604
1016544 1016545 10817
1016545 1016544 10817
1017103 1017711 732
1017711 1017103 732
1020315 1020319 1651
1020319 1020315 1651
1020557 1025359 2671
1025359 1020557 2671
1030391 1030392 5056
1030392 1030391 5056
1031408 1031526 2955
1031526 1031408 2955
1038000 1038002 26679
1038002 1038000 26679
1039200 1060126 21608
1039603 496272 6530
1039663 1039669 1244
1039667 1039682 5385
1039669 1039663 1244
1039675 1039709 3418
1039682 1039667 5385
1039709 1039675 3418
1046826 22742 1980
1046973 1046977 4585
1046977 1046973 4585
1049564 1049565 8649
1049565 1049564 8649
1049972 1050117 5180
1050117 1049972 5180
1053736 1053745 24048
1053744 1053755 36791
1053745 1053736 24048
1053755 1053744 36791
1053901 1053919 29439
1053919 1053901 29439
1053926 1053927 16601
1053927 1053926 16601
1053928 1053929 14023
1053929 1053928 14023
1055162 1056931 11259
1056931 1055162 11259
1057387 1057403 8504
1057403 1057387 8504
1060126 1039200 21608
1065191 1065192 3082
1065192 1065191 3082
1065781 1065899 7826
1065895 1065896 3097
1065896 1065895 3097
1065899 1065781 7826
1066204 1066205 2437
1066205 1066204 2437
1066533 1066605 4571
1066605 1066533 4571
